397
289
489
83
301
251
67
105
36
314
535
351
235
386
208
463
114
478
4
517
472
14
356
324
504
392
448
115
372
458
27
226
65
136
252
223
166
62
267
355
282
523
293
403
479
124
396
484
296
543
23
212
483
117
75
205
519
5
140
238
304
69
145
218
348
354
460
262
325
34
244
109
73
432
102
35
431
414
229
24
92
156
352
53
509
146
91
534
308
367
379
485
469
266
422
172
195
26
210
437
399
290
292
317
321
566
561
273
270
388
424
128
515
400